0,273
0,270
57,35
3,2
3,1
3,3
10,260
10,214
10,24
10,250
10,88
10,8
10,10
11,23
11,13
11,9
11,17
8,18
8,12
8,7
8,4
8,11
8,2
8,3
54,3
54,2
54,1
54,0
44,3
44,2
44,1
44,0
38,5
38,4
38,3
38,2
38,1
38,0
37,5
37,4
37,3
37,2
37,1
37,0
36,5
36,4
36,3
36,2
36,1
36,0
34,5
34,4
34,3
34,2
34,1
34,0
33,6
33,5
33,4
33,3
33,2
33,1
33,0
32,4
32,3
32,1
30,5
30,4
30,3
30,1
24,3
24,1
20,3
20,2
20,1
19,3
19,2
19,1
18,1
12,3
18,3
12,2
12,1
11,29
11,27
14,1
11,21
11,20
11,15
11,14
11,12
11,11
14,3
13,1
11,8
11,6
13,3
11,5
11,3
11,2
11,1
10,312
10,298
10,292
10,278
10,254
10,194
10,192
10,188
